-1.0 -0.5 -5.181828309660853e-07 0.9994874077707799 3.999755797251076 1.9998800082426063 1.9998757890084702
-1.0 -0.43333333333333335 -3.159041324640748e-07 0.9994573127786573 3.9997337256093455 1.999883740090369 1.9998499855189764
-1.0 -0.3666666666666667 -7.416349241795941e-07 0.9993836634324124 3.9996949621621405 1.9998744018327441 1.9998205603293964
-1.0 -0.3 -1.9060342866112873e-06 0.9992834273071495 3.999654840399451 1.9998733783669436 1.9997814620325074
-1.0 -0.23333333333333334 -2.5180656796249093e-06 0.9991600365240539 3.999605292047577 1.9998730274280658 1.9997322646195113
-1.0 -0.16666666666666669 -2.620231594133235e-06 0.998945247373722 3.9994889400188125 1.9998804932041583 1.9996084468146544
-1.0 -0.09999999999999998 -4.755491411964233e-06 0.9985323640974284 3.9993257559787723 1.9998699453368345 1.9994558106419378
-1.0 -0.033333333333333326 -5.003730367276618e-05 0.9904771394261406 3.996344055151422 1.9997233630954763 1.996620692055946
-1.0 0.033333333333333326 0.031503186953110586 0.010476211771199508 2.0010805652590142 1.9384085878045163 0.06267197745449785
-1.0 0.09999999999999998 0.024195723593350323 0.007161795716566475 2.0003168309812303 1.9499109882267998 0.05040584275443038
-1.0 0.16666666666666663 0.018863150808138163 0.005023571486644148 2.0001995748309787 1.958570763988079 0.04162881084289979
-1.0 0.23333333333333328 0.014962037860396269 0.003616112934498387 2.0001487448429263 1.96522520085637 0.034923543986556164
-1.0 0.30000000000000004 0.012066737853529616 0.002664608581253186 2.0000693576804336 1.9704153258452677 0.02965403183516577
-1.0 0.3666666666666667 0.009857979480751492 0.0020032986139472166 2.0000564782534678 1.9745562324658117 0.025500245787656212
-1.0 0.43333333333333335 0.00816095066039078 0.0015336051780552146 2.0000080765692263 1.977881743457242 0.022126333111984375
-1.0 0.5 0.0068256614252121175 0.0011928739055678374 1.999995866448279 1.9806104944911846 0.01938537195709434
-0.9 -0.5 -8.731766450617727e-07 0.9994628309380228 3.999736087570494 1.9998499408475372 1.9998861467229567
-0.9 -0.43333333333333335 -1.085386335308555e-06 0.9993730353573214 3.999691873793238 1.9998420520982032 1.9998498216950347
-0.9 -0.3666666666666667 -3.905193621607936e-06 0.9993089632820715 3.999658424683285 1.9998334577345656 1.9998249669487198
-0.9 -0.3 -3.6681621548571194e-06 0.9992115775221369 3.9996253313772474 1.9998392900593667 1.9997860413178805
-0.9 -0.23333333333333334 -3.1549075530250695e-06 0.9989552981382873 3.9995255616538463 1.9998320202861237 1.9996935413677228
-0.9 -0.16666666666666669 -5.485373625606038e-06 0.9987761330969425 3.9994579326081396 1.9998145124950855 1.999643420113054
-0.9 -0.09999999999999998 -4.094359157301591e-06 0.9987240124828735 3.9993657764251025 1.9998315547258219 1.9995342216992806
-0.9 -0.033333333333333326 -4.27044265731429e-05 0.9661788818609198 3.9863609902023907 1.9990052631058797 1.987355727096511
-0.9 0.033333333333333326 0.049611741425985366 0.01994483463932798 2.0007778979721587 1.9127470111090958 0.08803088686306265
-0.9 0.09999999999999998 0.03662260230430338 0.01291179748912471 2.000346755421465 1.9311463801167255 0.06920037530473931
-0.9 0.16666666666666663 0.02766981997613783 0.008651427529212309 2.000163392225276 1.9445435362709071 0.05561985595436879
-0.9 0.23333333333333328 0.021354798127247165 0.005979925498474549 2.0000925542629835 1.9545054421814911 0.045587112081492444
-0.9 0.30000000000000004 0.016794177296578748 0.004250250017013912 2.0000548470895003 1.9620763346255745 0.037978512463925924
-0.9 0.3666666666666667 0.013431355863982988 0.0030958856429201117 2.000023515942922 1.967942230415277 0.03208128552764478
-0.9 0.43333333333333335 0.010904763555633305 0.0023051712231057587 1.999993537733523 1.9725785663296933 0.02741497140382969
-0.9 0.5 0.008970654314236097 0.0017490181065277397 1.999971072784975 1.9762688590908097 0.02370221369416534
-0.8 -0.5 -2.0921553238482377e-06 0.9993487512926595 3.999673495642421 1.9997936636892908 1.9998798319531301
-0.8 -0.43333333333333335 -4.9926113933014755e-06 0.9991699904685424 3.9996186155383278 1.999764989299976 1.9998536262383517
-0.8 -0.3666666666666667 -4.711546818157409e-06 0.9992228111579238 3.999612362937752 1.9997807501080374 1.9998316128297144
-0.8 -0.3 -5.4162896408180905e-06 0.9991518514405414 3.999577686617165 1.9997789896729266 1.9997986969442383
-0.8 -0.23333333333333334 -4.176850529100261e-06 0.9989628616524341 3.9994944370691616 1.9997869534280297 1.999707483641132
-0.8 -0.16666666666666669 -7.245876220681585e-06 0.9986125031233334 3.999340325191507 1.9997515867094542 1.999588738482053
-0.8 -0.09999999999999998 4.65695502359145e-06 0.9985240815409852 3.999254143572289 1.9997745393914186 1.9994796041808705
-0.8 -0.033333333333333326 -0.11584124084522499 0.009071867819054159 3.3525583048517937 1.9356102510811632 1.4169480537706305
-0.8 0.033333333333333326 0.08294027119902761 0.04139293193452488 2.00060703123599 1.8698009987570678 0.13080603247892197
-0.8 0.09999999999999998 0.0586293655814463 0.025235236021176485 2.0002517719198285 1.9008226227433245 0.09942914917650394
-0.8 0.16666666666666663 0.04261410066294981 0.01600115991550996 2.0001331534857356 1.9226414749073533 0.07749167857838221
-0.8 0.23333333333333328 0.03179091491858694 0.010529941024217683 2.000054147461506 1.9383144950818894 0.061739652379616906
-0.8 0.30000000000000004 0.02427274489579473 0.0071659720095729575 2.0000163856023154 1.9498375770482106 0.050178808554104753
-0.8 0.3666666666666667 0.018922379305713867 0.005024547724911042 1.9999571316014684 1.9584953126218034 0.04146181897966492
-0.8 0.43333333333333335 0.015011620081843743 0.003616662498537573 1.999944815263232 1.9651487891559232 0.034796026107308836
-0.8 0.5 0.012101619618428733 0.0026644691710590238 1.9999256649259711 1.9703439920585522 0.02958167286741889
-0.7 -0.5 -7.236738724416704e-06 0.9991297885368073 3.9995577509914346 1.9996827980763523 1.999874952915082
-0.7 -0.43333333333333335 -9.2795927371045e-06 0.998944094550372 3.9994952899455063 1.9996586121316686 1.9998366778138377
-0.7 -0.3666666666666667 -7.590510983489002e-06 0.9991164390257979 3.999529400684436 1.9997134589885697 1.9998159416958665
-0.7 -0.3 -1.316535392170086e-05 0.9987536677048879 3.9994195676550826 1.999655114352286 1.9997644533027963
-0.7 -0.23333333333333334 -1.0859513401587677e-05 0.9989314153542733 3.99944342097666 1.9996927472183592 1.9997506737583008
-0.7 -0.16666666666666669 -1.713184786700179e-05 0.9984304810892177 3.999242715975048 1.9996327878524847 1.9996099281225632
-0.7 -0.09999999999999998 -2.9488339750786552e-05 0.9976413570561049 3.9988885570707664 1.9995725244679705 1.999316032602796
-0.7 -0.033333333333333326 0.20071402639185315 0.13542704472931072 2.0381713466830607 1.7206213157488661 0.3175500309341944
-0.7 0.033333333333333326 0.148033300929521 0.09337180167902209 2.0004157951265027 1.795022819196399 0.20539297593010353
-0.7 0.09999999999999998 0.10006357973399475 0.05388530930813126 2.0001670565897163 1.8492822699058118 0.15088478668390426
-0.7 0.16666666666666663 0.06961657999137996 0.032189950401713394 2.000013570770066 1.8866307190097849 0.1133828517602812
-0.7 0.23333333333333328 0.04987477266639233 0.020005590923607645 2.000002551043973 1.9126105781646277 0.08739197287934529
-0.7 0.30000000000000004 0.036741810177111395 0.01292437913647539 1.9999311904810053 1.9310330435311263 0.06889814694987911
-0.7 0.3666666666666667 0.027742490948584587 0.008651959433176157 1.999905633912208 1.944434217014345 0.05547141689786306
-0.7 0.43333333333333335 0.021410950314511453 0.005979901504569894 1.999879023915858 1.9543958362283194 0.045483187687538604
-0.7 0.5 0.016848835569262914 0.004249048562619766 1.9998454348338273 1.9619502436055656 0.03789519122826164
-0.6 -0.5 -1.9870324879283192e-05 0.9983151360656329 3.9992682784464026 1.9994124485057507 1.9998558299406517
-0.6 -0.43333333333333335 -4.105355977589815e-05 0.9980203101409763 3.9990685419886853 1.9992519953014776 1.999816546687208
-0.6 -0.3666666666666667 -2.729133753617223e-05 0.9976403099397045 3.9990469125583585 1.9992801306607222 1.9997667818976366
-0.6 -0.3 -7.540998540984896e-05 0.9975452543786988 3.9989282163881894 1.9992369606753218 1.9996912557128677
-0.6 -0.23333333333333334 -9.191956292288066e-05 0.9960932406893913 3.9985280981626685 1.9989883868873342 1.9995397112753341
-0.6 -0.16666666666666669 -0.0001837954180221664 0.9926465853311871 3.997446152432789 1.9984466764753939 1.9989994759573952
-0.6 -0.09999999999999998 -0.2735740381949658 0.13793990122877825 3.497673337951901 1.7491323371832699 1.7485410007686308
-0.6 -0.033333333333333326 0.41380572034809704 0.36271046089960113 2.0022851107160924 1.5473665751003511 0.45491853561574114
-0.6 0.033333333333333326 0.276453656371714 0.21764103994343947 2.000340626817381 1.6671974059508496 0.3331432208665315
-0.6 0.09999999999999998 0.18192242365495134 0.1239641941469112 2.0000536302591936 1.7592701925683396 0.240783437690854
-0.6 0.16666666666666663 0.12143171831727403 0.07067602143589308 1.9999118295308367 1.8245392727801932 0.17537255675064342
-0.6 0.23333333333333328 0.08324704955685483 0.041435776486665125 1.9998037175987333 1.8695266727334983 0.13027704486523517
-0.6 0.30000000000000004 0.058776096653813434 0.025241908420972542 1.9997818622276773 1.9006296405838954 0.09915222164378182
-0.6 0.3666666666666667 0.04271339409362535 0.01600034323506068 1.9997922417466611 1.9224777492110956 0.07731449253556558
-0.6 0.43333333333333335 0.03190046250760868 0.01052484937209634 1.999709074160464 1.9380910989152567 0.0616179752452072
-0.6 0.5 0.024381318467269264 0.00716420263715954 1.9996566481311495 1.9495841493958626 0.05007249873528696
-0.5 -0.5 -0.2578287708812249 0.004020849612922012 3.003110390830077 1.0388925170455794 1.9642178737844977
-0.5 -0.43333333333333335 -0.28797004132328863 0.17032559488655669 3.0039889312038817 1.0499988225836323 1.9539901086202494
-0.5 -0.3666666666666667 -0.3177179125323166 0.21065984563642595 3.002830366563285 1.0639047997173832 1.938925566845902
-0.5 -0.3 -0.3791571179401577 0.30505557782694454 3.001154934904518 1.0852063632284854 1.9159485716760325
-0.5 -0.23333333333333334 -0.4328316184874014 0.4062588905468919 3.0006214187128895 1.1211642680811447 1.8794571506317448
-0.5 -0.16666666666666669 -0.41760357429851314 0.5709985820205892 3.0002149225165304 1.1803312345427353 1.8198836879737954
-0.5 -0.09999999999999998 -0.5956231724630302 0.0667059099632379 2.9992033541866134 1.2767550726032482 1.7224482815833653
-0.5 -0.033333333333333326 0.6878140135171242 0.6520885060472605 2.0030393662570374 1.3425742645360608 0.6604651017209767
-0.5 0.033333333333333326 0.5016631974006123 0.45883810594442 2.0001244494139625 1.479615649138729 0.5205088002752334
-0.5 0.09999999999999998 0.3404998512328793 0.2849731027766216 1.9998825747134046 1.6101536562433632 0.3897289184700415
-0.5 0.16666666666666663 0.2243354416783383 0.1646142191855327 1.9996253032504587 1.7166009536238243 0.28302434962663453
-0.5 0.23333333333333328 0.14835198250217257 0.0933205454397798 1.9995442922364908 1.7946378895978186 0.2049064026386721
-0.5 0.30000000000000004 0.10046438255678715 0.05377249759480961 1.9990310908561038 1.8485131022680292 0.15051798858807455
-0.5 0.3666666666666667 0.0701327723099084 0.0320577197244125 1.9987056713648585 1.8855304554999774 0.11317521586488104
-0.5 0.43333333333333335 0.05049994804092586 0.01989937731766388 1.998322954419685 1.9111779643105846 0.08714499010910046
-0.5 0.5 0.03737871859387794 0.012847533970976693 1.998266673076977 1.9295481127279197 0.06871856034905732
-0.3999999999999999 -0.5 -0.17099565747613155 0.0994850795509031 3.0000985676196237 1.0258632058647739 1.9742353617548498
-0.3999999999999999 -0.43333333333333335 -0.07221915081973798 0.12144782103333626 3.0000416138292505 1.0320044377108897 1.9680371761183608
-0.3999999999999999 -0.3666666666666667 -0.2746036639419215 0.034814882989550704 3.0000419706344434 1.0406415433564633 1.9594004272779801
-0.3999999999999999 -0.3 -0.20503867462107145 0.15995239560736157 2.999979750299963 1.052969608499819 1.947010141800144
-0.3999999999999999 -0.23333333333333334 -0.3368312200127721 0.26382349825491075 2.9999548460070153 1.0714436034944623 1.9285112425125532
-0.3999999999999999 -0.16666666666666669 -0.24779959197651233 0.35913899384386 2.9996451798482795 1.1000409709101822 1.8996042089380971
-0.3999999999999999 -0.09999999999999998 -0.27571666181831733 0.3939181411037243 2.9981682761312163 1.1464261685958117 1.8517421075354044
-0.3999999999999999 -0.033333333333333326 0.9419728704433104 0.8983333707618901 2.000493396335106 1.1627894314097333 0.8377039649253728
-0.3999999999999999 0.033333333333333326 0.7844229700683583 0.750556878517284 1.9999946571111422 1.2775342220996129 0.7224604350115293
-0.3999999999999999 0.09999999999999998 0.5950828112298429 0.5574896240850146 1.9990052221045178 1.4099909091257379 0.5890143129787799
-0.3999999999999999 0.16666666666666663 0.41798264283113173 0.3599565219477012 1.9830769505276549 1.537603869003894 0.44547308152376097
-0.3999999999999999 0.23333333333333328 -0.19528084075793117 0.06378892553823033 1.0016504580392556 0.9778314710484279 0.02381898699082767
-0.3999999999999999 0.30000000000000004 -0.1883359221120982 0.06957425163339881 1.0013243076690468 0.9816700929934392 0.019654214675607577
-0.3999999999999999 0.3666666666666667 -0.17479117362390853 0.051651938161712915 1.0008949559325768 0.9844292859372104 0.01646566999536636
-0.3999999999999999 0.43333333333333335 -0.13885310220950906 0.05031407117413396 1.0008019229558491 0.9867933365381556 0.014008586417693559
-0.3999999999999999 0.5 -0.13265690927881738 0.04053399736260306 1.000580880608548 0.9885262749791827 0.012054605629365531
-0.29999999999999993 -0.5 -0.1847797767597766 0.017089986384433094 2.9999012143838426 1.019255510914 1.9806457034698428
-0.29999999999999993 -0.43333333333333335 -0.16963232297023662 0.07953882699440326 2.999884207004744 1.0232327817343525 1.9766514252703913
-0.29999999999999993 -0.3666666666666667 -0.20328241185248636 0.0972416759088207 2.9998874838793403 1.0285558007962279 1.9713316830831125
-0.29999999999999993 -0.3 -0.178019523698892 0.11139927265496005 2.999779479376139 1.035758438025565 1.9640210413505739
-0.29999999999999993 -0.23333333333333334 -0.28866869115148963 0.022953256395104586 2.9997153931019227 1.046026462102281 1.9536889309996415
-0.29999999999999993 -0.16666666666666669 -0.2979975679747858 0.22227195159447577 2.9994075926098622 1.0609979245695118 1.9384096680403504
-0.29999999999999993 -0.09999999999999998 -0.36409894172970836 0.2795789937894749 2.9964748730649964 1.0834869346251053 1.912987938439891
-0.29999999999999993 -0.033333333333333326 1.056093504330284 0.9953709298580015 2.00052470982483 1.0218021788886302 0.9787225309361998
-0.29999999999999993 0.033333333333333326 0.9985153933568138 0.9471788751766677 1.9996721639410584 1.1124909955992583 0.8871811683418
-0.29999999999999993 0.09999999999999998 0.8170270903019744 0.5888373919805114 1.8893583558046458 1.1879813916162463 0.7013769641883997
-0.29999999999999993 0.16666666666666663 -0.27148135843739174 0.0026303355174772977 1.0007997280198193 0.959841711128905 0.04095801689091433
-0.29999999999999993 0.23333333333333328 -0.19801098511446047 0.09520283557041048 1.000560854157576 0.9683772299001419 0.032183624257434124
-0.29999999999999993 0.30000000000000004 -0.2196093369757303 0.09960397391108691 1.0004208115683446 0.9745033771775129 0.025917434390831766
-0.29999999999999993 0.3666666666666667 -0.19193624551535254 0.08211957678872231 1.0002951666069069 0.979030401171429 0.021264765435477853
-0.29999999999999993 0.43333333333333335 -0.17613811813355656 0.01696656094466867 1.0002641141990334 0.9825016932154258 0.01776242098360766
-0.29999999999999993 0.5 -0.1558101875794429 0.05705577769751961 1.000247879588963 0.9851863099059543 0.015061569683008785
-0.19999999999999996 -0.5 -0.16685561400172347 0.029913020694051363 2.9997730436194603 1.0148287079166982 1.9849443357027619
-0.19999999999999996 -0.43333333333333335 -0.18346352260199889 0.00171896532281686 2.999715684379737 1.017485263531693 1.982230420848044
-0.19999999999999996 -0.3666666666666667 -0.18841287079434202 0.07985698107287598 2.9996739896218716 1.0209521992432802 1.9787217903785914
-0.19999999999999996 -0.3 -0.21768317459412317 0.09720479442756993 2.999607096766106 1.0255010156660946 1.9741060811000113
-0.19999999999999996 -0.23333333333333334 -0.11066852806731964 0.12307946275150165 2.999469507319339 1.031652970512353 1.9678165368069862
-0.19999999999999996 -0.16666666666666669 -0.2579587948311819 0.15416569154108478 2.998596321894744 1.0399668749422055 1.958629446952538
-0.19999999999999996 -0.09999999999999998 0.8289077476548319 0.6977688193888171 2.084995499998291 0.8054210343260815 1.2795744656722092
-0.19999999999999996 -0.033333333333333326 0.9984332011695056 0.9466233079252672 2.000362619531687 0.8875465958412367 1.11281602369045
-0.19999999999999996 0.033333333333333326 1.0557246480912723 0.9946537103888642 1.99919294641477 0.97816506143108 1.02102788498369
-0.19999999999999996 0.09999999999999998 -0.3486124462191378 0.29602086614814593 1.006265171191738 0.9168963137486886 0.08936885744304951
-0.19999999999999996 0.16666666666666663 -0.3074292220851897 0.10950100600432483 1.0004107721984563 0.9389713031061193 0.06143946909233689
-0.19999999999999996 0.23333333333333328 -0.0952072341465322 0.17003502665270498 1.000207210661634 0.9539384954370516 0.046268715224582466
-0.19999999999999996 0.30000000000000004 -0.25448634621641125 0.037027347747515586 1.0002023827593673 0.9642219422469113 0.03598044051245601
-0.19999999999999996 0.3666666666666667 -0.23147446098359703 0.011944401778314772 1.0001480784764292 0.9714693866820986 0.028678691794330625
-0.19999999999999996 0.43333333333333335 -0.20599089951028127 0.07292640067846705 1.0000932974156351 0.9767473091869385 0.023345988228696695
-0.19999999999999996 0.5 -0.16261988273753747 0.06759134292305416 1.0000984570517868 0.9807404060061442 0.019358051045642526
-0.09999999999999998 -0.5 -0.1336653179085888 0.04690640282434567 2.9993729826123516 1.0114425943991399 1.9879303882132116
-0.09999999999999998 -0.43333333333333335 -0.16230181735069246 0.04830950137454351 2.9992252185594164 1.0132323928987357 1.9859928256606807
-0.09999999999999998 -0.3666666666666667 -0.17162875769872277 0.059152328679347124 2.9992228931605776 1.0156546513573579 1.9835682418032197
-0.09999999999999998 -0.3 -0.18474436626520208 0.070762573843015 2.998262582353889 1.018023052799198 1.9802395295546913
-0.09999999999999998 -0.23333333333333334 -0.1911268397148828 0.0700533025306469 2.9967542731489814 1.0210452228112419 1.9757090503377395
-0.09999999999999998 -0.16666666666666669 0.4217563865950755 0.3128831249880203 2.0498543573593295 0.48150665340919374 1.568347703950136
-0.09999999999999998 -0.09999999999999998 0.5952067863107735 0.5585124430776809 2.0003986836284966 0.5897249468834012 1.4106737367450957
-0.09999999999999998 -0.033333333333333326 0.7844557517341935 0.7506075505053016 2.0000188150113924 0.7224739684376508 1.2775448465737416
-0.09999999999999998 0.033333333333333326 0.9414332727624595 0.896238173639255 1.9992304007075927 0.8372205599449192 1.1620098407626736
-0.09999999999999998 0.09999999999999998 -0.47678882529769906 0.2692196861143126 1.001298405344859 0.8535229219374918 0.14777548340736718
-0.09999999999999998 0.16666666666666663 -0.40438736802585834 0.14253760623160977 1.0002792559702685 0.8998644844540267 0.10041477151624184
-0.09999999999999998 0.23333333333333328 -0.33126834464965693 0.1740932384550134 1.0000836056493871 0.9285521705634419 0.0715314350859452
-0.09999999999999998 0.30000000000000004 -0.29362016047270495 0.19655702127481617 0.9999981023435814 0.946994734705988 0.053003367637593425
-0.09999999999999998 0.3666666666666667 -0.20053937328480942 0.12054300769590215 0.9999883322328642 0.9593920512669635 0.040596280965900684
-0.09999999999999998 0.43333333333333335 -0.22104715512642287 0.11812732427425589 0.9999275641935493 0.9679704219372087 0.03195714225634057
-0.09999999999999998 0.5 -0.18247664842109465 0.07804317468934222 0.9999333494329319 0.9741609000304143 0.025772449402517522
0.0 -0.5 0.037609653947092495 0.012787465138877343 2.002308593401728 0.07099540056025835 1.9313131928414695
0.0 -0.43333333333333335 0.050376397578945534 0.019908215164234473 2.001367511277001 0.0885380823867816 1.9128294288902192
0.0 -0.3666666666666667 0.07006731691960119 0.03213169275344645 2.00119654916957 0.11434539371695632 1.8868511554526135
0.0 -0.3 0.10056963138933687 0.05374974976678548 2.0011739619467517 0.15170334591030404 1.8494706160364476
0.0 -0.23333333333333334 0.14836069480925324 0.09336017950795675 2.0004732232954727 0.20536509847191364 1.7951081248235592
0.0 -0.16666666666666669 0.22439818053218613 0.16458525862931708 2.000448829576764 0.28345131336714496 1.7169975162096192
0.0 -0.09999999999999998 0.34045412839324285 0.2849076827561444 2.000133525007571 0.38984246246721965 1.6102910625403515
0.0 -0.033333333333333326 0.5015370333765969 0.45863350909294887 1.9998043428127918 0.520388493398164 1.479415849414628
0.0 0.033333333333333326 0.689041457848221 0.6536709070051949 1.9980209740039396 0.6574731985954464 1.3405477754084933
0.0 0.09999999999999998 -0.5632632639593271 0.581778228646286 1.0002628015513033 0.723348307865467 0.2769144936858362
0.0 0.16666666666666663 -0.5220886823189976 0.036359027999532445 0.9997933942540562 0.8196148007617268 0.18017859349232945
0.0 0.23333333333333328 -0.1407406248787686 0.39903437599985886 0.9992119598596436 0.8787144646534013 0.12049749520624232
0.0 0.30000000000000004 -0.36073508637362806 0.2958723985147972 0.998327882407244 0.9142695069050809 0.08405837550216311
0.0 0.3666666666666667 -0.2719515488800395 0.2190358346775897 0.9988618258513956 0.9377511605753142 0.061110665276081486
0.0 0.43333333333333335 -0.28987325030322564 0.16177315311469176 0.9963345273582886 0.9503277228747424 0.046006804483546264
0.0 0.5 -0.24643373314568304 0.11837935781331094 0.9950308574193995 0.9593050762690364 0.03572578115036309
0.10000000000000009 -0.5 0.02436825553331103 0.007161951410810639 2.0002916642882838 0.05037869751778665 1.9499129667704973
0.10000000000000009 -0.43333333333333335 0.031901688067980286 0.010524760370131343 2.00030827494832 0.06192959166970876 1.9383786832786114
0.10000000000000009 -0.3666666666666667 0.04273500284023679 0.01599671917717104 2.0002514411726446 0.07757085464990517 1.9226805865227394
0.10000000000000009 -0.3 0.05879632611837509 0.025244455641257893 2.0002494594257163 0.09940714319492948 1.9008423162307868
0.10000000000000009 -0.23333333333333334 0.08323504800618797 0.04143550759625669 2.0001679970607475 0.13045727083949077 1.869710726221257
0.10000000000000009 -0.16666666666666669 0.12143701549333817 0.07069422573206065 2.000044937539 0.1754327624901909 1.8246121750488093
0.10000000000000009 -0.09999999999999998 0.18192922630958097 0.12395999559474917 1.999898057884105 0.24072883619732802 1.759169221686777
0.10000000000000009 -0.033333333333333326 0.2765686989528654 0.21783062010144877 1.9997850158881314 0.3328452713835214 1.6669397445046101
0.10000000000000009 0.033333333333333326 0.41171727644625106 0.35901683127481915 1.995539597203654 0.4523784757147572 1.543161121488897
0.10000000000000009 0.09999999999999998 -0.2824879574227769 0.0021838239912283838 0.5032852940222152 0.2512431688430244 0.2520421251791908
0.10000000000000009 0.16666666666666663 -0.00040812541492429475 0.9924017057408125 0.0024130228811312833 0.0015288687019927283 0.0008841541791385552
0.10000000000000009 0.23333333333333328 -7.908334576429651e-05 0.9980981610329376 0.0012050886062760784 0.0008182662767316952 0.00038682232954438325
0.10000000000000009 0.30000000000000004 -2.8865490890093435e-05 0.9982436026342881 0.0008258886493595481 0.0005984019892712767 0.0002274866600882714
0.10000000000000009 0.3666666666666667 -5.620545253090197e-05 0.9975093887050097 0.0009888869149286192 0.0007589246495111121 0.00022996226541750704
0.10000000000000009 0.43333333333333335 -2.628685591270234e-05 0.9982590895207717 0.0007696366605890255 0.0006056654405252645 0.00016397122006376106
0.10000000000000009 0.5 -2.1901937472765208e-05 0.9983890232143368 0.0007263852577527698 0.0005854476340741414 0.00014093762367862843
0.20000000000000018 -0.5 0.0168571774979107 0.004249181977607271 2.000178560757481 0.03807213539203974 1.962106425365441
0.20000000000000018 -0.43333333333333335 0.02141378816899069 0.005979230864933605 2.0001282228181427 0.045611500606130076 1.9545167222120128
0.20000000000000018 -0.3666666666666667 0.027741236140994108 0.008652161122570666 2.0000931572639793 0.05556487961290385 1.9445282776510755
0.20000000000000018 -0.3 0.03673630967055187 0.012920950443509084 2.000068551258709 0.0689743024511628 1.9310942488075464
0.20000000000000018 -0.23333333333333334 0.04987957272915237 0.02000601368079438 2.0000171738260653 0.08739682064236257 1.9126203531837027
0.20000000000000018 -0.16666666666666669 0.0696192293978208 0.03219084791046241 1.9999531461790523 0.11336651203433072 1.8865866341447215
0.20000000000000018 -0.09999999999999998 0.10007084297821957 0.05389318184381471 1.9998296904860453 0.1506925691327238 1.8491371213533214
0.20000000000000018 -0.033333333333333326 0.14804653169677998 0.09334464639381093 1.9996395718748712 0.204970908694995 1.7946686631798763
0.20000000000000018 0.033333333333333326 0.20736188828450786 0.14237515116916188 1.974979206052506 0.28048513529775704 1.694494070754749
0.20000000000000018 0.09999999999999998 -2.3074466754927036e-05 0.9972224104060612 0.0012273139865888168 0.00043978472899842215 0.0007875292575903946
0.20000000000000018 0.16666666666666663 -2.199213868364799e-05 0.9975622736745015 0.0009555469997614985 0.0004413844088081377 0.0005141625909533608
0.20000000000000018 0.23333333333333328 -1.4679876554254568e-05 0.9984508740769655 0.0006707194727975934 0.0003540490200965239 0.00031667045270106946
0.20000000000000018 0.30000000000000004 -1.1813211561605876e-05 0.9988912772224332 0.0005479619835724886 0.00031699473742115086 0.00023096724615133773
0.20000000000000018 0.3666666666666667 -7.945911799260245e-06 0.999051471615724 0.0004891243554486649 0.0003078937137480643 0.00018123064170060064
0.20000000000000018 0.43333333333333335 -7.822966992931211e-06 0.9990147774966762 0.00048348721012301285 0.0003275647651885406 0.00015592244493447226
0.20000000000000018 0.5 -7.73861505056365e-06 0.9991201063251749 0.0004408430961836479 0.00031625796800335317 0.00012458512818029475
0.30000000000000004 -0.5 0.012102691459953047 0.002664598224646063 2.000080654297317 0.029660343902036986 1.9704203103952798
0.30000000000000004 -0.43333333333333335 0.015008851698084722 0.003617187150913426 2.000038777407507 0.0348474527050994 1.9651913247024075
0.30000000000000004 -0.3666666666666667 0.018922776641229103 0.0050246542038106055 2.0000338948426846 0.04151154850866794 1.9585223463340165
0.30000000000000004 -0.3 0.024280947334331206 0.0071667943977333885 2.0000076389825887 0.05016225129119278 1.9498453876913957
0.30000000000000004 -0.23333333333333334 0.031796469665856225 0.010531463312995131 1.9999563112522905 0.06167508412985227 1.938281227122438
0.30000000000000004 -0.16666666666666669 0.04262120920881626 0.01600480881074379 1.9998921986285458 0.077349301153084 1.922542897475462
0.30000000000000004 -0.09999999999999998 0.05865046959753606 0.02524968749143769 1.9997963820895341 0.09915536083379756 1.9006410212557365
0.30000000000000004 -0.033333333333333326 0.08289934634851444 0.04137594601342904 1.9992460779236267 0.13023252882379244 1.8690135490998343
0.30000000000000004 0.033333333333333326 -0.14640808119766696 0.11236392098967002 0.579229824021759 0.057631847961531216 0.5215979760602278
0.30000000000000004 0.09999999999999998 -6.626780250499684e-06 0.9985076752329226 0.0007646616167246065 0.00022508997629399632 0.0005395716404306102
0.30000000000000004 0.16666666666666663 -4.954456738977084e-06 0.9989458972269065 0.0005517291176621718 0.0002118828301863637 0.0003398462874758081
0.30000000000000004 0.23333333333333328 -7.2034022080153015e-06 0.9988131431159266 0.000542576321763146 0.00023216515628917466 0.0003104111654739713
0.30000000000000004 0.30000000000000004 -5.5286015056831276e-06 0.999111701780696 0.00044221872391558966 0.00022264567764265658 0.0002195730462729331
0.30000000000000004 0.3666666666666667 -4.171022452222329e-06 0.999190424631575 0.0003785049892202865 0.0002025503559490859 0.00017595463327120065
0.30000000000000004 0.43333333333333335 -3.998772023609488e-06 0.9993100205405053 0.000349401171305517 0.00020971112086770675 0.00013969005043781027
0.30000000000000004 0.5 -2.2797364800079407e-06 0.9992543607267235 0.00034837261215667627 0.0002194004171303459 0.00012897219502633036
0.40000000000000013 -0.5 0.008972149661163945 0.00174903746953216 2.000038577477079 0.023736815687422717 1.976301761789656
0.40000000000000013 -0.43333333333333335 0.010901660891345 0.0023049430001738785 1.9999921624574124 0.027424321238214845 1.9725678412191976
0.40000000000000013 -0.3666666666666667 0.013432095112109035 0.003096197669927146 1.999975717383487 0.032056552690955906 1.967919164692531
0.40000000000000013 -0.3 0.016796891852470543 0.004250325620938649 1.99996084423315 0.03792756919621792 1.962033275036932
0.40000000000000013 -0.23333333333333334 0.021346639358987465 0.005979390084443672 1.9998841383772503 0.04549158175547158 1.9543925566217788
0.40000000000000013 -0.16666666666666669 0.02766287194700008 0.008651378363470302 1.999817786085389 0.05545491307587869 1.9443628730095102
0.40000000000000013 -0.09999999999999998 0.03664337996484676 0.012920587536592771 1.9997346008735575 0.06885038183441719 1.9308842190391402
0.40000000000000013 -0.033333333333333326 0.049675694867181736 0.0199739628687852 1.9993846308060856 0.0872795165834272 1.9121051142226584
0.40000000000000013 0.033333333333333326 -0.00046599806746060825 0.9272194475699317 0.025669933766293486 0.0017820232859504371 0.02388791048034305
0.40000000000000013 0.09999999999999998 3.659741084573412e-06 0.9980287964456914 0.0008377777385056662 0.0001934465684804354 0.0006443311700252308
0.40000000000000013 0.16666666666666663 -1.1598968315970675e-06 0.9988415980819111 0.0005598971102240807 0.00017471188702576 0.00038518522319832063
0.40000000000000013 0.23333333333333328 -4.6068981932741e-06 0.9990750303179108 0.0004456065920402359 0.00017064332835396435 0.0002749632636862715
0.40000000000000013 0.30000000000000004 -4.321546412677004e-06 0.9992707269527813 0.000368397235027993 0.0001531673201622953 0.0002152299148656977
0.40000000000000013 0.3666666666666667 -2.090627472808529e-06 0.9993351201406002 0.0003276590786958529 0.0001571263840112146 0.0001705326946846383
0.40000000000000013 0.43333333333333335 -1.0335822892656153e-06 0.9993857121732358 0.00029916737409929405 0.0001522091496267126 0.00014695822447258146
0.40000000000000013 0.5 -1.174385807269237e-06 0.9994287968589859 0.0002908904693585516 0.00016592770880795974 0.0001249627605505919
0.5 -0.5 0.006826145846533783 0.0011928480615439518 2.0000062785904196 0.01939638537652462 1.9806098932138951
0.5 -0.43333333333333335 0.008157588923165975 0.00153346990883242 1.9999775259176713 0.02211596224276035 1.977861563674911
0.5 -0.3666666666666667 0.009859901951147922 0.0020033094235547156 1.999952428495109 0.025445652524467805 1.9745067759706412
0.5 -0.3 0.012066214288233552 0.002664499452557925 1.9999301576879251 0.029579179428455678 1.9703509782594695
0.5 -0.23333333333333334 0.014963880605779047 0.003616765054897477 1.9998584046598389 0.03478076359855185 1.9650776410612871
0.5 -0.16666666666666669 0.018872138828092105 0.005024571904218362 1.9998382748384822 0.04143267569991503 1.9584055991385672
0.5 -0.09999999999999998 0.024184527954479982 0.007158639238634015 1.9996388879074674 0.05009077472786529 1.949548113179602
0.5 -0.033333333333333326 0.03153212802644079 0.010478685870915029 1.9990146643895637 0.061598623213884936 1.9374160411756787
0.5 0.033333333333333326 -3.453883006283653e-05 0.9749942067530917 0.009168247825769731 0.0005226308630135982 0.008645616962756134
0.5 0.09999999999999998 -3.0290067591688414e-06 0.9986163636936287 0.0007025336206087445 0.0001379985506612231 0.0005645350699475214
0.5 0.16666666666666663 -2.9640457097691233e-06 0.9988504723114066 0.0005332476621877861 0.00013255961714615864 0.0004006880450416275
0.5 0.23333333333333328 -2.068230706094377e-06 0.9991834251797578 0.0004040546746230353 0.0001226750926959764 0.00028137958192705895
0.5 0.30000000000000004 -2.0321083794091084e-06 0.9993101077438181 0.0003371381523450007 0.00011777619650104015 0.00021936195584396057
0.5 0.3666666666666667 -8.290241840552499e-07 0.9994240317446615 0.0002835059883272494 0.0001236695113614897 0.0001598364769657597
0.5 0.43333333333333335 -7.998786928424722e-07 0.9994482106645616 0.00026767823682603993 0.00012260128260382062 0.00014507695422221928
0.5 0.5 -6.970138706421472e-07 0.9995414706523041 0.00023426571725698072 0.00012002822420248196 0.00011423749305449876
