-1.0 -0.5 -5.402174649240576e-07 0.9995171527841772 0.9997580663611534 0.9997590277333616 3.999746998277043 1.9998737838829617 1.9998732143940812
-1.0 -0.43333333333333335 -7.233511837251051e-07 0.9994875048459035 0.999752575939564 0.9997348628261675 3.9997279737856557 1.9998702212850092 1.9998577525006467
-1.0 -0.3666666666666667 -2.647298021145066e-07 0.9994573160437794 0.9997738567207229 0.9996833870769691 3.9997071342531845 1.999878538915016 1.9998285953381687
-1.0 -0.3 -1.4089452015064835e-06 0.9993412725072481 0.999755727107818 0.9995854441027907 3.9996624593807857 1.9998736095168306 1.999788849863955
-1.0 -0.23333333333333334 -3.59092090785739e-06 0.9992666490728928 0.999747934715308 0.9995185930498497 3.9996152937888634 1.999873389341435 1.9997419044474283
-1.0 -0.16666666666666669 -2.430710797701626e-06 0.9991223352462844 0.999762662756653 0.9993595193627701 3.9994983621961206 1.9998708737147837 1.999627488481337
-1.0 -0.09999999999999998 -3.1712240460733183e-06 0.9987951380675223 0.9997427566017536 0.9990521309896249 3.999261115187067 1.9998588280999519 1.9994022870871153
-1.0 -0.033333333333333326 -9.935291276091491e-05 0.9984108409901832 0.9997286737932268 0.998672561967026 3.9908501679589516 1.9995144328966477 1.9913357350623038
-1.0 0.033333333333333326 0.03153003352265077 0.9985970060347656 0.8833995554534958 0.8825264187960222 2.0009755926092314 1.9384078180131414 0.06256777459608978
-1.0 0.09999999999999998 0.024189123859193418 0.9989403585482648 0.9042057615879917 0.9036076506714059 2.0003365392240346 1.949919596187668 0.050416943036366665
-1.0 0.16666666666666663 0.0188569165479623 0.9992242425494281 0.920175716158335 0.9198376486618516 2.0002265094733223 1.958574554799064 0.041651954674258036
-1.0 0.23333333333333328 0.014968766523195568 0.999308819876709 0.932579098449982 0.9323518971950229 2.0001219573751943 1.9652166737664838 0.03490528360871033
-1.0 0.30000000000000004 0.012062737247210999 0.9993950100592628 0.9423984631650256 0.9422475179961101 2.000090165300147 1.9704129102696266 0.029677255030520357
-1.0 0.3666666666666667 0.009858803807680035 0.9994439239982889 0.9502621445463877 0.9501614848768246 2.0000517064239633 1.9745474726823073 0.02550423374165613
-1.0 0.43333333333333335 0.008157415764437261 0.9995326559821529 0.9566687920217227 0.9566152364209662 2.000024085335904 1.9778892895423288 0.02213479579357521
-1.0 0.5 0.006824103088077808 0.9995514346960978 0.9619096550884416 0.9618978398316052 2.0000049200566186 1.9806089174541186 0.019396002602500066
-0.9 -0.5 -8.613192280450439e-07 0.999472970183522 0.9997072083605132 0.9997656926899895 3.999719999762888 1.99984260328928 1.9998773964736078
-0.9 -0.43333333333333335 -1.4200543280290347e-06 0.9993861279033466 0.9996749203697133 0.9997111129934785 3.9996840414718795 1.9998345146662297 1.99984952680565
-0.9 -0.3666666666666667 -3.540032437063773e-06 0.9993269357152236 0.9996755640712941 0.9996512584154518 3.9996412591486177 1.9998279440609303 1.9998133150876871
-0.9 -0.3 -3.640820632329948e-06 0.9992830916465953 0.9997079531564708 0.9995750144653536 3.999630531361699 1.9998448944779743 1.9997856368837246
-0.9 -0.23333333333333334 -5.315688112769876e-06 0.9992092557851346 0.9996986365888533 0.9995104708994724 3.9995551522714736 1.9998360165568423 1.9997191357146311
-0.9 -0.16666666666666669 -3.7996452901661906e-06 0.9990099256259242 0.9996777912974855 0.9993319177779711 3.9994618875765413 1.9998318328998188 1.9996300546767223
-0.9 -0.09999999999999998 -1.2054870774360724e-05 0.9985658661608349 0.9996372668503661 0.9989282116418704 3.99927509592425 1.9998165678982982 1.9994585280259516
-0.9 -0.033333333333333326 0.00026713277594319804 0.9980232887518087 0.9996362674066451 0.9983854384258932 3.9972533567314876 1.9996582795960738 1.9975950771354136
-0.9 0.033333333333333326 0.04962367257778298 0.9986048730396733 0.8383674823879663 0.8376558040847321 2.0007250653667397 1.912738928299218 0.08798613706752184
-0.9 0.09999999999999998 0.036617812359853424 0.9989688530990064 0.8704460489651188 0.8699867953234077 2.000357837338287 1.9311564608890965 0.06920137644919043
-0.9 0.16666666666666663 0.02766838357567942 0.9991469970324104 0.8944268400134636 0.89412832441393 2.0001687133120134 1.9445479596432067 0.055620753668806575
-0.9 0.23333333333333328 0.021349378120303127 0.9992799965522436 0.9126399710005311 0.9124786810458279 2.0001027592444154 1.9545070618006297 0.045595697443785874
-0.9 0.30000000000000004 0.01678963894358369 0.9993650897784386 0.9267138851430945 0.9265956074194179 2.000066729252773 1.9620867772844792 0.03797995196829389
-0.9 0.3666666666666667 0.013432947963350327 0.9994224509175116 0.9377274176124705 0.9376820665589566 2.0000173573881246 1.9679444998961952 0.03207285749192934
-0.9 0.43333333333333335 0.010904661412721783 0.9994679932073727 0.9464882447065259 0.9465108497165212 1.9999908752970375 1.9725693562935005 0.027421519003536926
-0.9 0.5 0.0089727677679278 0.9994917977628686 0.9535568816837197 0.9536247202395219 1.999961709566405 1.9762626788174167 0.023699030748988353
-0.8 -0.5 -3.236104309064741e-06 0.999410249116819 0.9996403441879927 0.9997698221087619 3.999696100349651 1.9998119480526735 1.9998841522969775
-0.8 -0.43333333333333335 -5.662139210345048e-06 0.9992974533064435 0.9995741599474746 0.9997231753605221 3.9996132348496314 1.9997641875489331 1.9998490473006982
-0.8 -0.3666666666666667 -4.554497485831807e-06 0.999305312486754 0.9996249768480286 0.9996802153679796 3.9996116647362157 1.9997887401354992 1.9998229246007164
-0.8 -0.3 -5.948913946022779e-06 0.9991376798112526 0.9995766237748692 0.9995608705965174 3.999554115685397 1.9997759735917802 1.999778142093617
-0.8 -0.23333333333333334 -7.970649627868075e-06 0.9990208671019472 0.9995476146919463 0.9994730131314621 3.9994552396711702 1.9997534493400142 1.9997017903311562
-0.8 -0.16666666666666669 -7.142713226841426e-06 0.9988913936692146 0.9995910942996151 0.999300003162048 3.9992964957756034 1.999748040301506 1.9995484554740974
-0.8 -0.09999999999999998 -1.2290015159364892e-05 0.9984965967508004 0.9995261406169949 0.9989699623289592 3.999173795729953 1.9997299235489772 1.9994438721809757
-0.8 -0.033333333333333326 -0.14784353967685704 0.9984872993748142 0.9578607977392262 0.9571773466166831 3.41197231457709 1.941031573743914 1.470940740833176
-0.8 0.033333333333333326 0.08300856543480978 0.9985650903718102 0.7675655913445428 0.7669486254732805 2.000481839843447 1.8697752460981756 0.13070659374527116
-0.8 0.09999999999999998 0.058625565231596816 0.9989330450219143 0.8181929049049328 0.8178645819169378 2.0002846630917865 1.9008283805749868 0.0994562825167995
-0.8 0.16666666666666663 0.04263188968054758 0.9991339216443891 0.8554673791670593 0.8553368534944046 2.000072567704094 1.9226423708871563 0.07743019681693775
-0.8 0.23333333333333328 0.031793609163057845 0.9992389964038615 0.8832079997449485 0.8831246460908763 2.000057958495875 1.9383200870732347 0.06173787142264058
-0.8 0.30000000000000004 0.024279254211493396 0.9992511335940131 0.9040359065614166 0.9040564960062557 1.999997823760051 1.9498208038485783 0.05017701991147287
-0.8 0.3666666666666667 0.018919640304573677 0.9993921839354731 0.92005779472676 0.9200966784936759 1.99997744343064 1.9585067074256273 0.041470736005012866
-0.8 0.43333333333333335 0.015017698326383774 0.999355150314644 0.9324226206685416 0.9325560053161829 1.9999260205642833 1.9651268045960317 0.0347992159682515
-0.8 0.5 0.012102174171244318 0.9994256373879357 0.9422632980085763 0.9424096051137725 1.9999196195732 1.9703418016694385 0.029577817903761558
-0.7 -0.5 -9.477959763139319e-06 0.9991678345846631 0.9994238195143186 0.9997438668590732 3.9995186544864603 1.9996572143772928 1.9998614401091674
-0.7 -0.43333333333333335 -7.995157587014768e-06 0.9991386296936406 0.999427301985832 0.9997111609054794 3.999496587634318 1.9996592718433719 1.9998373157909461
-0.7 -0.3666666666666667 -9.718551398827943e-06 0.9991077928676537 0.9994662312790653 0.9996413695644962 3.9994988467589327 1.999694765681157 1.9998040810777757
-0.7 -0.3 -1.2943548316651352e-05 0.9989409326793859 0.9993762567093035 0.9995644047448563 3.999428106158325 1.9996503401470926 1.9997777660112321
-0.7 -0.23333333333333334 -1.2527661664439487e-05 0.9988419768834437 0.9994328764372363 0.9994087659213167 3.9993843443242403 1.999684916073229 1.9996994282510114
-0.7 -0.16666666666666669 -1.4948049586499749e-05 0.9987250134135865 0.9994141436420693 0.9993104001049835 3.998995418018462 1.9995474929089991 1.9994479251094628
-0.7 -0.09999999999999998 2.7108395495272828e-05 0.9983789310091977 0.9994054359144344 0.9989726740819074 3.9986330482220644 1.9995114845976423 1.999121563624422
-0.7 -0.033333333333333326 0.21062819680652606 0.9980978690197982 0.5669088419315156 0.5663382782954153 2.020553290681797 1.719087992247179 0.3014652984346179
-0.7 0.033333333333333326 0.1480949964262101 0.9986010632936432 0.6574915987320846 0.6571470607495503 2.000309060595498 1.7950011626743656 0.2053078979211325
-0.7 0.09999999999999998 0.10007522382618653 0.9988493266569286 0.7357819200179863 0.7355693182890909 2.0001530508824605 1.8492954944614575 0.15085755642100304
-0.7 0.16666666666666663 0.06959770163929396 0.9989518008210175 0.7946690489266388 0.7945959353972749 2.0000744602703335 1.8866410798124553 0.11343338045787835
-0.7 0.23333333333333328 0.04987333789227501 0.9990697293198872 0.8381196022067658 0.838160202762387 1.9999816669248671 1.9125991701664669 0.08738249675840033
-0.7 0.30000000000000004 0.03675166464221788 0.9991667756620032 0.8702195111207706 0.8703666438094471 1.9999035564242464 1.9310107656103344 0.06889279081391203
-0.7 0.3666666666666667 0.027741949781197116 0.9992053479035055 0.8942494832606006 0.8943751062451976 1.99990743018963 1.9444247181083325 0.05548271208129753
-0.7 0.43333333333333335 0.021413301678897018 0.9992572342662399 0.9124609174073954 0.9126477360338126 1.9998761385520327 1.954385099995373 0.04549103855665992
-0.7 0.5 0.016835452752733217 0.9993436883718457 0.9265555038271982 0.9267373813607351 1.9998932083203753 1.961996085666801 0.037897122653574235
-0.6 -0.5 -2.5205575913966778e-05 0.9986999764680359 0.9989482169714639 0.9997514960141148 3.9992419458321025 1.9993761812875936 1.9998657645445088
-0.6 -0.43333333333333335 -2.5319714745607056e-05 0.9987422363103955 0.9990681212733632 0.9996738055349261 3.999203885851174 1.9993784910464107 1.999825394804763
-0.6 -0.3666666666666667 -3.419875171542439e-05 0.9986463039341296 0.9989982524082047 0.9996476874459592 3.999131931540013 1.999319456844403 1.9998124746956099
-0.6 -0.3 -4.074501089891142e-05 0.9987189501824175 0.9991296217469108 0.9995888830415046 3.998886955252913 1.9991761307985478 1.999710824454365
-0.6 -0.23333333333333334 -6.951550679958414e-05 0.9983822904337076 0.9989019951017725 0.9994796791739927 3.9988954406034907 1.9992051675878382 1.9996902730156525
-0.6 -0.16666666666666669 -0.0005715147824093692 0.9981722883481314 0.9989035038664753 0.9992652964889503 3.996872539172814 1.99802862277976 1.9988439163930543
-0.6 -0.09999999999999998 -0.2625224072165725 0.9984754686424067 0.8848603004272021 0.8849317898063892 3.505609792682373 1.7531140402655203 1.7524957524168525
-0.6 -0.033333333333333326 0.4146269216502907 0.9984308996925323 0.40619891988360096 0.4059683353107736 2.0016393626081386 1.5472362968032898 0.45440306580484896
-0.6 0.033333333333333326 0.27647640632674086 0.9986587580717885 0.5066955238565702 0.5065503332252779 2.0004033358403484 1.6671576411837785 0.3332456946565697
-0.6 0.09999999999999998 0.18192408648257957 0.9986780168866849 0.6106462995108772 0.6106606847904148 2.0000443949432327 1.7592474545810426 0.24079694036219035
-0.6 0.16666666666666663 0.1214161516869843 0.9987971867166232 0.6990750890191753 0.6991737261091504 1.9999534595466633 1.824579798170645 0.17537366137601823
-0.6 0.23333333333333328 0.08323751548153999 0.9988841196895839 0.7672980101151928 0.7674941326470804 1.9998221507021696 1.8695376959236667 0.13028445477850295
-0.6 0.30000000000000004 0.058773440931906784 0.9989719117987507 0.8179241395004485 0.8181734133568703 1.9998151876286292 1.9006395650961236 0.0991756225325055
-0.6 0.3666666666666667 0.04273408970336251 0.9989703859922645 0.8551823768461579 0.8555475180852062 1.9997316800840128 1.9224241242558997 0.07730755582811305
-0.6 0.43333333333333335 0.031898975118523215 0.9990589605765711 0.8829266896521752 0.8832973111996189 1.9997111214814638 1.9380878509807016 0.06162327050076224
-0.6 0.5 0.024388948327901283 0.9990239555942001 0.9037324539110196 0.9042046296642067 1.9996468168380088 1.949559054131639 0.05008776270636975
-0.5 -0.5 -0.03412988813720445 0.9985707449885833 0.930026003948748 0.9309305454940104 3.0007916813840616 1.0366311037998857 1.9641605775841757
-0.5 -0.43333333333333335 -0.28104410932563106 0.9987156605929403 0.9117639063001555 0.9124360637807948 3.0024429826698826 1.04850139647077 1.9539415861991125
-0.5 -0.3666666666666667 -0.2140970577400511 0.9987184059008489 0.8851047790312342 0.8856654208926577 3.0022535849474683 1.0633605714900547 1.9388930134574136
-0.5 -0.3 -0.06763810571495493 0.998886893924806 0.8460283386491183 0.8463304765061623 3.001264050686328 1.085338870713679 1.915925179972649
-0.5 -0.23333333333333334 -0.44653998191809685 0.998686340498442 0.788411993717725 0.7886064112131315 3.0010677637293517 1.1216034186052832 1.8794643451240682
-0.5 -0.16666666666666669 -0.49315672842379027 0.9987200224975925 0.7048990672023563 0.7050083045489773 3.0003049487070683 1.1804182263751963 1.8198867223318722
-0.5 -0.09999999999999998 -0.5910177489407621 0.998407094761801 0.6006348604912254 0.6005025502046188 2.9991004505933967 1.2767606980805555 1.722339752512841
-0.5 -0.033333333333333326 0.690183207741876 0.9983517553265802 0.31788390824362267 0.3177405419199974 2.001201644039404 1.3424260228753093 0.6587756211640945
-0.5 0.033333333333333326 0.501610112627906 0.9985518510212226 0.3655949434955169 0.3655543848786068 2.000132681349299 1.4796128535449946 0.5205198278043044
-0.5 0.09999999999999998 0.3404197371138089 0.998586713201224 0.45388883108262507 0.45396210318049524 1.9999020426365282 1.6101773433188837 0.3897246993176443
-0.5 0.16666666666666663 0.22438249177739464 0.9987045609535381 0.5598073379695085 0.559978111071468 1.9996539486579405 1.7165795989771926 0.2830743496807479
-0.5 0.23333333333333328 0.14847434311713759 0.9986582387826854 0.6575118746776804 0.6578504607967565 1.9992474357011996 1.7943547449263595 0.20489269077484007
-0.5 0.30000000000000004 0.10043075701014273 0.998679734553351 0.7356561373387481 0.7361253789615526 1.9991347173047092 1.84858319185654 0.15055152544816902
-0.5 0.3666666666666667 0.06998148315925584 0.9984415965930777 0.7942403996906772 0.7950672044379996 1.9989485436984067 1.8858042204559209 0.1131443232424858
-0.5 0.43333333333333335 0.050198737878139915 0.9984496238246309 0.8375623694735524 0.8384671662586747 1.9990740169413905 1.9118677403067943 0.08720627663459615
-0.5 0.5 0.03727640284611302 0.998327384564563 0.8695747794677374 0.8706906125187183 1.9985109277403976 1.9297679789808257 0.06874294875957183
-0.3999999999999999 -0.5 -0.18950758510326463 0.9991345739525375 0.9494212752620227 0.9497946890423872 3.0000792080548577 1.0258494542623326 1.974229753792525
-0.3999999999999999 -0.43333333333333335 -0.20968559515168517 0.9991555362646048 0.9378370843434822 0.9381323248670623 3.000059512924441 1.032029926266108 1.9680295866583328
-0.3999999999999999 -0.3666666666666667 -0.26604839955685794 0.9990157298706253 0.9218522464720431 0.9221461569543501 3.000047361445544 1.0406381029129512 1.9594092585325926
-0.3999999999999999 -0.3 -0.2974781603552654 0.9989859589334729 0.899501013600041 0.8996804068104859 2.999974677602781 1.0529623097305068 1.9470123678722744
-0.3999999999999999 -0.23333333333333334 -0.3325211164538091 0.9989111174508982 0.8671853272109279 0.8672835848280519 2.9998911172612557 1.0714160947340259 1.92847502252723
-0.3999999999999999 -0.16666666666666669 -0.35193679050575494 0.998776992702815 0.8196456689606647 0.8195541261628433 2.9996992068856025 1.100151961413255 1.8995472454723474
-0.3999999999999999 -0.09999999999999998 -0.29617113387841865 0.9985272550250988 0.7489224810554722 0.7487605662101562 2.997882660676785 1.1464220227138786 1.8514606379629062
-0.3999999999999999 -0.033333333333333326 0.9418371169116242 0.998520286674428 0.31017475599836564 0.31005556952941493 2.000622615774902 1.1627793188943414 0.8378432968805605
-0.3999999999999999 0.033333333333333326 0.7845596231598188 0.9986536889927347 0.30923661448703516 0.30918070236661466 1.9999539766964087 1.2774945116157146 0.722459465080694
-0.3999999999999999 0.09999999999999998 0.5950288169115479 0.9985874566091217 0.3370089067318341 0.33704416468765125 1.9987219166945205 1.4098448772481327 0.5888770394463877
-0.3999999999999999 0.16666666666666663 0.4210905140232748 0.9982724162065302 0.4362734686453194 0.43657995390942955 1.9572415878452638 1.5227021140296984 0.43453947381556546
-0.3999999999999999 0.23333333333333328 -0.19540462319502927 0.9987888607855939 0.9532465451660097 0.9533803866419238 1.0038973841485574 0.9793466191172825 0.024550765031275013
-0.3999999999999999 0.30000000000000004 -0.12609923350621402 0.9988006002148349 0.9614471982157925 0.9616708683556705 1.001147337976604 0.981534193367894 0.019613144608709998
-0.3999999999999999 0.3666666666666667 -0.16661499909477234 0.998929051084124 0.9673605074583482 0.9677552908381144 1.001013707019073 0.9845392049951598 0.016474502023913314
-0.3999999999999999 0.43333333333333335 -0.15883630237265278 0.9988169354416042 0.9719253624556077 0.9724427813511282 1.000527321638056 0.9865485572572728 0.0139787643807831
-0.3999999999999999 0.5 -0.1368965306254573 0.9989361884381367 0.9756689934167762 0.97621722877341 1.0004782471098583 0.9884394730757383 0.012038774034120016
-0.29999999999999993 -0.5 -0.1919972243014274 0.9993099431590197 0.961833390996574 0.9620447238226936 2.999882672495699 1.0192475378384704 1.9806351346572286
-0.29999999999999993 -0.43333333333333335 -0.10425961696841626 0.999232892999646 0.9541679063954802 0.9544236271923998 2.9999199855547385 1.0232578674891817 1.976662118065557
-0.29999999999999993 -0.3666666666666667 -0.018053562075226227 0.9991575058364368 0.9441134889816125 0.9443391455006126 2.999921626158008 1.0285810175869563 1.9713406085710519
-0.29999999999999993 -0.3 -0.1818027907097584 0.9990900329937339 0.9305505025381944 0.9306624815476005 2.999791150041708 1.0357857173262481 1.9640054327154597
-0.29999999999999993 -0.23333333333333334 -0.2808601343106102 0.9989915570848849 0.9117670555213797 0.9117060522703758 2.999683751367799 1.0460136933008268 1.9536700580669724
-0.29999999999999993 -0.16666666666666669 -0.331166160269176 0.9987756166340337 0.884869625651919 0.8847191259858599 2.999487610738446 1.0610138556995226 1.938473755038923
-0.29999999999999993 -0.09999999999999998 -0.3489202008552281 0.998515254428995 0.8453516099250759 0.8450206817617452 2.9988852305058784 1.0838484348380666 1.9150367956678118
-0.29999999999999993 -0.033333333333333326 1.0563743160650532 0.9986060105212886 0.320006886133004 0.3198726366285497 2.0002507269865752 1.0217646996750656 0.9784860273115097
-0.29999999999999993 0.033333333333333326 0.9984444928737706 0.9985513795662955 0.3143501040408051 0.31423305250667044 1.999595726900774 1.1124603772585868 0.8871353496421871
-0.29999999999999993 0.09999999999999998 0.8055981033115689 0.9983865126097113 0.38582369880978495 0.385826892057217 1.8689570334750172 1.182328376846402 0.6866286566286153
-0.29999999999999993 0.16666666666666663 -0.23350145997952074 0.9987680554737685 0.9217040281814166 0.9216405283963124 1.0008015143266324 0.95985166039327 0.04094985393336252
-0.29999999999999993 0.23333333333333328 -0.2059124878453987 0.99898346883027 0.9378481313734193 0.9378475008506625 1.0004487917647484 0.9682969513993351 0.03215184036541328
-0.29999999999999993 0.30000000000000004 -0.2207485706446337 0.9990845839810192 0.9495143321682453 0.9496018157126546 1.000375238246545 0.9744846666673121 0.025890571579232902
-0.29999999999999993 0.3666666666666667 -0.1828264106184012 0.9991466880656551 0.9582190866109079 0.9583821124073402 1.000313685481686 0.9790384733331566 0.021275212148529468
-0.29999999999999993 0.43333333333333335 -0.16395683700633162 0.9992027388360091 0.9648699500991361 0.9651185959237457 1.0002776873817238 0.9825071414182875 0.01777054596343628
-0.29999999999999993 0.5 -0.12746839485544398 0.999199503222187 0.9700363209768094 0.9703576538974368 1.0002359539304466 0.9851820340305536 0.015053919899893048
-0.19999999999999996 -0.5 -0.0002587307962082265 0.9991681421085393 0.9700070082088709 0.9703547455438807 2.999755909005983 1.01481195355331 1.9849439554526729
-0.19999999999999996 -0.43333333333333335 -0.179385935860901 0.9991945690160525 0.964892243079889 0.9650985243776959 2.9997207790346145 1.0175041025290446 1.98221667650557
-0.19999999999999996 -0.3666666666666667 -0.20069084289428984 0.9991481948185392 0.9582194256211565 0.95839138741161 2.999679787805046 1.0209526435553167 1.9787271442497294
-0.19999999999999996 -0.3 -0.07205784121146734 0.999018065300612 0.9494196960596447 0.9495865423607919 2.999572918981559 1.0254940963786203 1.9740788226029389
-0.19999999999999996 -0.23333333333333334 -0.17036177894614363 0.9988618996258439 0.9377417536716678 0.9378048398772477 2.999483366781719 1.031651770642208 1.967831596139511
-0.19999999999999996 -0.16666666666666669 -0.21855886515529233 0.9987271542519554 0.9215917947998576 0.9214009344257501 2.9986351379412763 1.039977573285799 1.9586575646554771
-0.19999999999999996 -0.09999999999999998 0.8143827252746227 0.9985454662727864 0.3746742520271952 0.37465046481161135 2.112424377939949 0.8126614592450027 1.2997629186949462
-0.19999999999999996 -0.033333333333333326 0.9984401730951473 0.9986495929982893 0.3143376993382573 0.3142267285789978 2.0002128225169558 0.8874765807908132 1.1127362417261426
-0.19999999999999996 0.033333333333333326 1.0554445558668162 0.9985931346177976 0.3204336795324776 0.32030184702903786 1.9990504738968684 0.9781670079998452 1.0208834658970232
-0.19999999999999996 0.09999999999999998 -0.3659878150953399 0.9986199729415511 0.8443851135087972 0.8440857790827959 1.0036306413308884 0.9165029369592761 0.08712770437161223
-0.19999999999999996 0.16666666666666663 -0.32419130369394367 0.998850359055165 0.8848889127059547 0.8847301088461067 1.0006497872340958 0.9390076770928133 0.0616421101412824
-0.19999999999999996 0.23333333333333328 -0.09621844591991201 0.9989650144165592 0.9116609850612186 0.9117376877915594 1.000283899807342 0.9540095413194896 0.04627435848785236
-0.19999999999999996 0.30000000000000004 -0.2517610633438815 0.9991218190566039 0.930584025177407 0.9306858960041252 1.000203407990124 0.9642282802628502 0.03597512772727395
-0.19999999999999996 0.3666666666666667 -0.14410943555338615 0.9991552294572037 0.9441485231813905 0.944281907493169 1.0001780352570389 0.9714945108714963 0.028683524385542593
-0.19999999999999996 0.43333333333333335 -0.14210292167877264 0.9992182437828588 0.9541697404007825 0.9544097256025484 1.0000830678722972 0.976737335514296 0.023345732358001293
-0.19999999999999996 0.5 -0.18628549622546997 0.9992800236172262 0.9617926523420817 0.9620491018764942 1.000106299575262 0.9807542974988133 0.019352002076448924
-0.09999999999999998 -0.5 -0.0893659060897501 0.9991290843987177 0.9758227790334408 0.9762209225156047 2.9993808196740295 1.0114459600490768 1.9879348596249529
-0.09999999999999998 -0.43333333333333335 -0.16223773182775636 0.9989058846921157 0.9719950254615317 0.9724485154671262 2.999384802804296 1.0133799967097785 1.9860048060945177
-0.09999999999999998 -0.3666666666666667 -0.17290162548349758 0.9989551049989289 0.9674015438516097 0.9677730270006721 2.9991005781184636 1.0155492392031746 1.9835513389152888
-0.09999999999999998 -0.3 -0.0782848602693384 0.9986287467451941 0.9613160791409415 0.9617284550960382 2.999077869605455 1.0186508761907307 1.9804269934147243
-0.09999999999999998 -0.23333333333333334 -0.18972943745060447 0.998790763380182 0.9529328279366447 0.953064793686164 2.994658741303962 1.0196598225982005 1.9749989187057615
-0.09999999999999998 -0.16666666666666669 0.4202258360897927 0.9984080071139159 0.429613813018129 0.4298647031634689 2.0334125930875424 0.4720301407592097 1.5613824523283328
-0.09999999999999998 -0.09999999999999998 0.595090500829163 0.9985089658585007 0.3362157786610576 0.33626277611396915 2.0006004492029437 0.5898044600647132 1.4107959891382307
-0.09999999999999998 -0.033333333333333326 0.7846639808210418 0.9985790083403409 0.30898923605899864 0.3089417954829274 2.0000817063229883 0.7224497015028304 1.2776320048201582
-0.09999999999999998 0.033333333333333326 0.9402739999801146 0.9985460230724923 0.3107900086678492 0.31067265973035485 1.9982992131989445 0.83715461780999 1.1611445953889545
-0.09999999999999998 0.09999999999999998 -0.4648963213602136 0.9986783033096903 0.7495251328498698 0.7493929719939397 1.000625841236251 0.8534796866507515 0.1471461545854996
-0.09999999999999998 0.16666666666666663 -0.39196054676189507 0.9987818062992571 0.8196422015396282 0.8195658927195164 1.0003339667090771 0.899850971343523 0.10048299536555419
-0.09999999999999998 0.23333333333333328 -0.11503003855281052 0.9988980741014551 0.8671380181941887 0.8672685523461872 1.0000719792507988 0.9285763176967092 0.07149566155408955
-0.09999999999999998 0.30000000000000004 -0.2803598692770539 0.9989598238861715 0.899454864047874 0.8997100072215226 0.9999795203530442 0.9469972557957147 0.05298226455732952
-0.09999999999999998 0.3666666666666667 -0.22563113261391607 0.9990344269138065 0.9218297039936443 0.9221611960039571 0.99994506943364 0.9593757981390942 0.04056927129454578
-0.09999999999999998 0.43333333333333335 -0.21729402603984646 0.9990506438736995 0.9377480174335646 0.9381111686072098 0.9999518097136768 0.9679784871639748 0.031973322549702005
-0.09999999999999998 0.5 -0.19476218375538812 0.9991761963631386 0.949458566070152 0.9498147683188605 0.9998713298951261 0.9740999370544777 0.02577139284064834
0.0 -0.5 0.037252840148135256 0.9987612930565021 0.8699779906182745 0.87066633441067 2.0014124388453065 0.07015818957460301 1.9312542492707037
0.0 -0.43333333333333335 0.050484218577640974 0.9985101021658507 0.8377822730035963 0.8386396068733186 2.0016035818402638 0.08877064622221831 1.9128329356180453
0.0 -0.3666666666666667 0.07020268291287352 0.9985829237293921 0.7945107836059581 0.7952154392828131 2.0014854439326393 0.11464039874922204 1.8868450451834171
0.0 -0.3 0.10040981833501747 0.9986798186441228 0.7356113307469596 0.7360930216088063 2.000819211115458 0.151364125540837 1.8494550855746208
0.0 -0.23333333333333334 0.14837416327272918 0.9986614515631567 0.657358594233522 0.6576825834366341 2.0005336746894624 0.20543075279164888 1.7951029218978136
0.0 -0.16666666666666669 0.22434225324435275 0.9986383553919469 0.5597580240843079 0.559954597835643 2.00033067537631 0.2833802834425271 1.716950391933783
0.0 -0.09999999999999998 0.34051137903245854 0.9986372031635352 0.4538393280454088 0.45396865539885695 2.0001678065882076 0.38987703861810796 1.6102907679700995
0.0 -0.033333333333333326 0.5016929488799274 0.9986412591750677 0.3655537000249977 0.3655227015962449 1.999876085801616 0.5204076147754856 1.4794684710261305
0.0 0.033333333333333326 0.690767341742313 0.9983770045341972 0.3176774641010746 0.31755481599635466 1.9993378211943047 0.6576161050741877 1.341721716120117
0.0 0.09999999999999998 -0.11725760336847735 0.9982893600834344 0.5997269063349276 0.5995507431081887 1.0002799780821896 0.723383093159248 0.27689688492294157
0.0 0.16666666666666663 -0.5202631577217423 0.9986513594110389 0.7047729107443771 0.7047456775693963 0.9999762554030821 0.8197657781662873 0.18021047723679484
0.0 0.23333333333333328 -0.335603315843352 0.9986621341618301 0.7881185165697555 0.7884295428151272 0.9991259912169199 0.8786113411755578 0.12051465004136214
0.0 0.30000000000000004 -0.3796366907755093 0.9985804093135248 0.8456478737611732 0.846142095097497 0.9991830658730085 0.91511206371156 0.08407100216144853
0.0 0.3666666666666667 -0.19385973308325408 0.9989204258605884 0.8851241474223259 0.885501611507834 0.9983402557151085 0.9372425561283482 0.06109769958676038
0.0 0.43333333333333335 -0.2618506152245344 0.9989064125873913 0.912190852751509 0.9126818610545812 0.9963029442196086 0.9502884352663383 0.04601450895327027
0.0 0.5 -0.1908094815627747 0.9988852181588345 0.9307629027614521 0.9313531985850502 0.9963622913714755 0.9605924366588809 0.03576985471259454
0.10000000000000009 -0.5 0.024386536538754285 0.999049164896951 0.9037339729472218 0.9042135200055574 2.0003487287880097 0.0504262765394186 1.949922452248591
0.10000000000000009 -0.43333333333333335 0.03188855009233586 0.9990628731627208 0.8829148931230603 0.8832948993542618 2.0002544280689434 0.06188054516944374 1.9383738828994996
0.10000000000000009 -0.3666666666666667 0.04273739907367895 0.9989199904588395 0.855139192130932 0.8555536538378552 2.0002790466284113 0.07758891889682079 1.9226901277315904
0.10000000000000009 -0.3 0.05878971719149406 0.9989578773525674 0.817922048676768 0.8181934447864664 2.0002262869296934 0.09940022532459315 1.9008260616051
0.10000000000000009 -0.23333333333333334 0.08323153388793306 0.9988689163899064 0.7672793939008744 0.7674905146529148 2.0001569330350537 0.13045048628663955 1.8697064467484141
0.10000000000000009 -0.16666666666666669 0.12145294706078077 0.9988843105262991 0.6990591267854213 0.699200501586638 2.0001234052658687 0.17543863954595876 1.82468476571991
0.10000000000000009 -0.09999999999999998 0.18195581969083435 0.9987111985358704 0.6106225725132861 0.6106066805758266 1.999984791664887 0.2407507590387593 1.7592340326261278
0.10000000000000009 -0.033333333333333326 0.2765263696208057 0.9984933513145184 0.5065986433169468 0.5064242292763264 1.999717610367905 0.3328393136681344 1.6668782966997706
0.10000000000000009 0.033333333333333326 0.41527142572701237 0.9980914182631703 0.40581555222296073 0.4055069622763895 1.9991503945135165 0.45277428389079805 1.5463761106227185
0.10000000000000009 0.09999999999999998 -0.22172524992635323 0.9983930426452275 0.8818918082656403 0.881844155269448 0.49624533728104603 0.24930338925838755 0.24694194802265845
0.10000000000000009 0.16666666666666663 -9.493553361286663e-05 0.9981304586756395 0.9989318827019107 0.9991975093715582 0.0015280262950877923 0.0009254866295968819 0.0006025396654909105
0.10000000000000009 0.23333333333333328 -0.00013279093631484066 0.9983037152286075 0.9989063992952356 0.9993962809241065 0.0017816576570280208 0.0012232127096302948 0.0005584449473977259
0.10000000000000009 0.30000000000000004 -6.58223162787827e-05 0.9985033554145165 0.99897066464548 0.9995321650681478 0.0011059493610597023 0.0008205869680748084 0.0002853623929848939
0.10000000000000009 0.3666666666666667 -4.011366170287794e-05 0.9985319677222683 0.9989308528582729 0.9996006746542198 0.0009557173618458573 0.0007388094251749032 0.00021690793667095417
0.10000000000000009 0.43333333333333335 -2.7429370192078592e-05 0.9986371342524714 0.9989453358888636 0.9996914690908709 0.0008186674926931228 0.0006484990339267099 0.00017016845876641283
0.10000000000000009 0.5 -3.613626103502612e-05 0.9988545790759785 0.9990994733628551 0.9997548694413431 0.0008725318938835511 0.0007225370110683633 0.00014999488281518782
0.20000000000000018 -0.5 0.016853300008018313 0.9992600226334305 0.9264723802510318 0.9267525134777262 2.0001667453432503 0.03805719744585929 1.9621095478973911
0.20000000000000018 -0.43333333333333335 0.021418842316723488 0.9991887265555652 0.9124023512011205 0.9126492836988581 2.0001476578740025 0.045636917025573265 1.9545107408484295
0.20000000000000018 -0.3666666666666667 0.027742798223219088 0.999178622955443 0.8942010637518437 0.8943881135386739 2.0001024278957265 0.05557176360248033 1.944530664293246
0.20000000000000018 -0.3 0.03674115228880121 0.9992316871376234 0.8702666967331657 0.8703563110641768 2.000053331858678 0.0689524920014449 1.9311008398572331
0.20000000000000018 -0.23333333333333334 0.04987979880385049 0.9990488044229052 0.8381165456342773 0.8381688142908406 2.0000267340939013 0.08742357185980672 1.9126031622340944
0.20000000000000018 -0.16666666666666669 0.06960621869264502 0.9989737803103141 0.7946786423178519 0.794612874515683 1.999944578579119 0.1133709782576515 1.8865736003214675
0.20000000000000018 -0.09999999999999998 0.1000384995166164 0.9988468085193621 0.7358074046381177 0.735567206992383 1.9997756573369305 0.1506802431870106 1.8490954141499198
0.20000000000000018 -0.033333333333333326 0.14803642850579324 0.998588503999103 0.6575588077252038 0.6572002010389819 1.9995688622933538 0.2049996057496773 1.7945692565436766
0.20000000000000018 0.033333333333333326 0.2193848592604538 0.9978978727864121 0.5623211408555446 0.5615889724523608 1.992518932031846 0.28242642145951574 1.7100925105723301
0.20000000000000018 0.09999999999999998 1.8144871537368256e-05 0.9984547367092013 0.9994271831415307 0.9990268142210321 0.0013979889686010407 0.0005109977869643895 0.0008869911816366512
0.20000000000000018 0.16666666666666663 -1.9226320621785122e-05 0.998676562352028 0.9994561501553728 0.9992199701583037 0.0008651645769978222 0.000364071694894004 0.0005010928821038182
0.20000000000000018 0.23333333333333328 -1.869284179989531e-05 0.998826407257813 0.9993578096488713 0.9994682476511025 0.0007282437883003439 0.0004026169545665734 0.0003256268337337705
0.20000000000000018 0.30000000000000004 -9.823425840323403e-06 0.9989983183991158 0.9994015353587212 0.9995965383833579 0.0005980595082211296 0.0003605977480134425 0.0002374617602076871
0.20000000000000018 0.3666666666666667 -6.8633903527006665e-06 0.9990438228673727 0.9993761131491123 0.9996675013022784 0.0005453272894115135 0.0003579327857466605 0.000187394503664853
0.20000000000000018 0.43333333333333335 -1.1102711862009953e-05 0.9990697310786663 0.9993737018815614 0.9996958393841064 0.0005025423084563671 0.0003462533410344788 0.00015628896742188832
0.20000000000000018 0.5 -8.397462076306108e-06 0.999191046564679 0.9994519634453171 0.9997389397561331 0.0004567082749815257 0.0003199324470868304 0.0001367758278946953
0.30000000000000004 -0.5 0.012103634080808098 0.9994143899998846 0.9422539716026844 0.9424076663670334 2.00008000987373 0.02966098992802092 1.970419019945709
0.30000000000000004 -0.43333333333333335 0.015017682633603676 0.9994070319040802 0.9324507931563693 0.9325708162175262 2.000070765901368 0.034861931962341046 1.9652088339390272
0.30000000000000004 -0.3666666666666667 0.01892478909777078 0.9993190663615253 0.9200091970929839 0.9200867354531534 2.0000456955789354 0.04151876052837392 1.9585269350505616
0.30000000000000004 -0.3 0.024278502234698837 0.9992842518365825 0.9040607181849024 0.9040570497091319 1.9999976102103774 0.050170304394652934 1.9498273058157245
0.30000000000000004 -0.23333333333333334 0.03179466063291043 0.9991894378876516 0.8831851826276883 0.8831179183276769 1.9999491920917238 0.06169707692451878 1.938252115167205
0.30000000000000004 -0.16666666666666669 0.042620008048211235 0.9990891519563557 0.8554748924448876 0.8553038550961544 1.9998912946838514 0.07735411248655344 1.9225371821972979
0.30000000000000004 -0.09999999999999998 0.05861288392409912 0.9988614367341982 0.8181747166870645 0.8178293745828545 1.9997227914006648 0.0991624765055667 1.900560314895098
0.30000000000000004 -0.033333333333333326 0.08296613197725944 0.9987091467861554 0.7676099395093134 0.7670924787535309 1.9993918025643012 0.13022738680404108 1.86916441576026
0.30000000000000004 0.033333333333333326 -0.09931720280864534 0.9984546307141167 0.9583229698726272 0.9575994596719402 0.571543226345681 0.05728328418666151 0.5142599421590195
0.30000000000000004 0.09999999999999998 -1.5870343774536584e-05 0.998595394708928 0.9995372932026417 0.999057610883871 0.0010557673165634426 0.00028601124392589573 0.0007697560726375469
0.30000000000000004 0.16666666666666663 -5.4072198654970966e-06 0.9988552223707439 0.9995915103271413 0.9992634075384385 0.0006745953715175668 0.0002319320563693729 0.0004426633151481939
0.30000000000000004 0.23333333333333328 -4.266452819797507e-06 0.9990933698736063 0.9996099452069995 0.9994832227514654 0.0004957784456382362 0.00021394461217579352 0.00028183383346244267
0.30000000000000004 0.30000000000000004 -8.035374155669355e-06 0.9991483598214429 0.9995729209304673 0.9995752575552724 0.0004605681655772112 0.00022661540773891527 0.0002339527578382959
0.30000000000000004 0.3666666666666667 -4.5542421384350655e-06 0.9992736401689867 0.9996205162349051 0.9996529922158985 0.00038351392057044717 0.00020403996624748962 0.00017947395432295755
0.30000000000000004 0.43333333333333335 -4.832533323475173e-06 0.9992861516170211 0.9995798149868108 0.999706213344157 0.00036972643517554216 0.00022151222206372276 0.0001482142131118194
0.30000000000000004 0.5 -2.5017416707214424e-06 0.9993786041130539 0.9996287265362797 0.9997497843493396 0.00032069051702092205 0.00019289101855394673 0.0001277994984669753
0.40000000000000013 -0.5 0.008972362782960954 0.9994840551697675 0.9535506121550845 0.9536233717736119 2.0000390472295386 0.023736997703602485 1.976302049525936
0.40000000000000013 -0.43333333333333335 0.010906494379812039 0.99950646369471 0.9465060497219151 0.9465253079002415 2.00001543336446 0.027424534748227362 1.972590898616233
0.40000000000000013 -0.3666666666666667 0.013430453032463041 0.9993884590716303 0.937714706818152 0.9376641891974877 1.9999719328578187 0.032055565445350834 1.9679163674124678
0.40000000000000013 -0.3 0.01679956677502232 0.9993842789346935 0.9266910033268088 0.9266379157980317 1.999968646142812 0.03793076853728664 1.9620378776055252
0.40000000000000013 -0.23333333333333334 0.021349182084877263 0.9992166615577778 0.9126189078349166 0.9124475485244986 1.9998967802930263 0.04550376664029536 1.954393013652731
0.40000000000000013 -0.16666666666666669 0.027661378078907672 0.9991054505229955 0.8944155396940519 0.8941185506896563 1.9998085479153513 0.05546049718044914 1.9443480507349022
0.40000000000000013 -0.09999999999999998 0.0366232674828242 0.9988721076732046 0.8704261247808034 0.8699157587947556 1.999682112113439 0.06884560365400637 1.9308365084594326
0.40000000000000013 -0.033333333333333326 0.049691806865815494 0.9984524810193183 0.8383249097452773 0.8374869552060944 1.9994649934261814 0.0872693818708653 1.912195611555316
0.40000000000000013 0.033333333333333326 -0.0002237151692884912 0.9982026003871061 0.9996547696920874 0.9985215933107612 0.012019439812996337 0.0008501804691245223 0.011169259343871814
0.40000000000000013 0.09999999999999998 1.395235627440465e-06 0.99875545562455 0.9996948517935397 0.999060302852034 0.0008409305700908665 0.00017190011650097947 0.000669030453589887
0.40000000000000013 0.16666666666666663 -2.2198856024408474e-06 0.9991164468648098 0.9997194886294396 0.9993967877377752 0.0005084780097369794 0.00015100729431319034 0.000357470715423789
0.40000000000000013 0.23333333333333328 -7.5013311430801925e-06 0.9991124127113916 0.9996786718326522 0.9994335590566288 0.00046455291302511224 0.0001663496191271662 0.00029820329389794605
0.40000000000000013 0.30000000000000004 -2.7797787624388997e-06 0.9993099216861651 0.999711314985654 0.9995984904431069 0.0003806509521821665 0.00015634253209581106 0.00022430842008635543
0.40000000000000013 0.3666666666666667 -8.22772369697718e-07 0.9993850481331719 0.9997070546624689 0.999677898344446 0.0003183732462034599 0.00015340175017848422 0.00016497149602497568
0.40000000000000013 0.43333333333333335 -1.178024171983789e-06 0.9994255746492734 0.9997002152693331 0.9997252763879199 0.0003007123629953879 0.00015729750278979055 0.00014341486020559734
0.40000000000000013 0.5 -8.185917628179554e-07 0.9994983402707918 0.9997263181623587 0.9997719593183491 0.0002596196699106709 0.0001419547129164295 0.00011766495699424137
0.5 -0.5 0.006826151793811235 0.9995423505904156 0.96189526268842 0.9619032626038191 2.000006499851405 0.019396301980755308 1.9806101978706496
0.5 -0.43333333333333335 0.008157729197073593 0.9995176722592736 0.9566556054716308 0.9566163131627432 1.9999760578144723 0.02211708308738327 1.977858974727089
0.5 -0.3666666666666667 0.00985770023632657 0.9994756115106618 0.9502763390370516 0.9501764137149766 1.9999430029183323 0.025446223639319067 1.9744967792790131
0.5 -0.3 0.012066384957608397 0.999418600440309 0.9423981090279175 0.942263997451317 1.9999279945091362 0.02958258866407269 1.9703454058450636
0.5 -0.23333333333333334 0.014974722580033573 0.9993532796824997 0.9325777813361406 0.9323917904576519 1.9999026425250472 0.03478523141080102 1.9651174111142462
0.5 -0.16666666666666669 0.018867005284241796 0.9992686349324862 0.9201747382147807 0.9198693406124028 1.9998123781109092 0.04142437454012757 1.9583880035707817
0.5 -0.09999999999999998 0.024187816333457762 0.9989358392272595 0.9041932880817583 0.903620067507384 1.9996685152390599 0.05008286310403939 1.9495856521350206
0.5 -0.033333333333333326 0.03154627173198382 0.9987836880182263 0.8833999823213554 0.8826819197456424 1.9990706297522711 0.06159310144579269 1.9374775283064785
0.5 0.033333333333333326 -0.00030671468051028173 0.9985410927202549 0.9997361729008837 0.9987958753675699 0.01018292709016356 0.0005606489141164982 0.009622278176047062
0.5 0.09999999999999998 3.390498289824767e-06 0.9989817368867295 0.9997517159694085 0.9992298272636495 0.0005428621029000707 0.00013211477008930617 0.0004107473328107645
0.5 0.16666666666666663 -4.801601691657509e-06 0.9990236606541987 0.9997513682741597 0.9992721111698992 0.0004969156379419313 0.0001307821726312898 0.0003661334653106415
0.5 0.23333333333333328 -5.308645560799958e-06 0.9992148300265273 0.9997435504876375 0.999471143895977 0.0004230501778628457 0.00013431328615730776 0.00028873689170553796
0.5 0.30000000000000004 -2.792228363503262e-06 0.9993411275168276 0.9997424019275117 0.999598621986147 0.00035672770231778047 0.00013638917412483074 0.00022033852819294974
0.5 0.3666666666666667 -7.582856296694011e-07 0.9994514605794852 0.9997706845320878 0.9996807023175045 0.000287272500179186 0.00011865341517865833 0.00016861908500052765
0.5 0.43333333333333335 -9.463343848135969e-07 0.9994751059876933 0.9997579184537533 0.9997171185861663 0.00026857588331766116 0.00012457198482347044 0.00014400389849419072
0.5 0.5 -7.724609475043744e-07 0.9995077923413151 0.9997591368028713 0.9997485946407062 0.0002524312670772792 0.00012508129956550416 0.00012734996751177503
